0.0
-1.524273408578878
0.0
-2.12539525481585
0.0
-2.636034977233575
0.0
-3.092
0.33
-3.5340
1.0
-4.262
1.67
-4.859
2.67
-5.145
5.0
-5.645
5.67
-5.888
6.67
-6.114
7.0
-6.336
7.33
-6.517
9.33
-6.718
10.0
-6.903
13.33
-7.097
14.0
-7.27
16.0
-7.414
16.67
-7.567
18.67
-7.716
20.67
-7.873
21.67
-8.016
23.0
-8.161
0.0
-1.551
0.0
-1.542
0.0
-1.549
0.0
-1.552
0.0
-1.545
0.0
-1.558
0.0
-1.544
98.67
-1.579
98.67
-1.553
0.0
-1.576
0.0
-1.558
0.0
-1.565
100.0
-1.554
100.0
-1.535
0.0
-1.559
0.0
-1.566
100.0
-1.541
0.0
-1.552
